name, rating, rd, vol, inactivity
quaff 2359.024508409585 101.69523477997421 0.08143058906558553 0
krizski 1997.4560193119473 67.37693878282947 0.08076486809821953 0
riceboy 1956.4003241823002 131.40003426877516 0.08025313123687698 3
garbage 1948.3295584356433 68.21925121503745 0.07963729344492472 1
mono 1863.8646613437006 84.95416129111351 0.08025808900055716 0
odds 1845.2694640699583 111.85066465940928 0.08013948933480536 2
poppinfresh 1834.858248213337 58.198805074518454 0.0797257269733605 0
mftea 1833.2942470537644 129.89108440569018 0.08024941894804251 2
milesss 1821.2998236257285 65.84637528421804 0.07969290266271542 0
swan 1798.809887792747 60.913413593667805 0.07997585906295936 1
dimentio 1778.5654112410919 83.5174273960553 0.0796815852555921 1
minijoel 1743.7708635614324 62.65466554953156 0.07964384242514075 0
qwuv 1728.5345969609598 65.89118336564313 0.07952039949714956 1
wamsa 1697.218679693967 65.24044236404119 0.07920915416380735 0
me$|ataro 1670.769667745544 228.17651739580475 0.08000083374174367 4
brunch 1647.9794575770522 79.20731088595142 0.07994406396906359 1
nitro 1616.9489250343047 236.88843398002984 0.07995420354386831 9
rat! 1609.1597714410116 64.01078701401286 0.07918201669464642 1
liban$ 1594.6804492835151 77.46123387417752 0.07936690918180055 2
aozorax 1591.7952049507828 209.1096974437075 0.08006364568426153 8
birmi 1580.3209867582018 57.5975528400872 0.07895788819092163 1
isis 1577.2861461600664 68.48994362491946 0.07918251893046525 0
vision 1570.043981254179 73.91665063937909 0.07915069636865041 2
tino 1557.7051573597491 248.1362254408453 0.07992851754031959 6
rash 1546.8957740658707 178.8424619540305 0.07991891980158965 1
tsteak 1542.587798954004 70.40535185478501 0.0796445254882366 1
magpie 1536.6268015522003 164.24752550424506 0.07981614405759505 5
bigbird 1533.3855386143161 94.4008782142044 0.07988464998287133 1
dunk 1512.7993489579549 221.78484192293266 0.07992182539625185 6
2665 1507.1628955477752 194.66155617375182 0.07992581242620753 2
stewie2k 1497.10566619941 249.28539276894392 0.07989190219884208 9
seemorebutts 1484.0557907386255 213.8090992290976 0.07989355202666006 7
thunderbob 1482.0825169069954 238.06570304644043 0.07987607428220993 9
unrealodin 1476.235606993388 153.20255899847103 0.07986379195336968 1
venison 1475.433097972966 101.83019521285034 0.07977340137377635 0
thegroose 1474.3161153297165 120.83358950703303 0.07975664392613656 3
silver 1472.63836405722 208.41716150558187 0.07993794907273116 3
cross 1471.683407198047 184.58452172171332 0.07992128431706443 0
nate 1467.4555925362756 136.54883341202014 0.07993296849580893 4
kova 1428.3921604775735 169.9414694147985 0.07981648595328007 5
chewwie 1410.1339661390514 137.00033374734187 0.07984701790027554 1
yunggravy 1409.3672129334075 212.81241764393482 0.0799597421011381 2
finsnreads 1408.1955398443633 229.40994758286763 0.07990047117244754 10
danny 1393.135367258647 200.4494526852168 0.07995964234411221 3
me$|jafrie 1387.7199541713128 241.82689536327896 0.07997494523535531 4
j0ey 1384.474533894289 177.13958884942463 0.07999417871614269 5
same 1383.3653535880699 196.50419360618827 0.07996671844938977 0
duckrobin 1353.3567495913023 72.85434496697934 0.07939093350406416 0
will 1350.0650709583554 212.14507530208945 0.07998844573860005 0
runawayfire 1338.7611791135012 333.2804064937802 0.07997945648452567 9
bapple 1338.6058414150666 106.41893000046468 0.08004905460533553 5
noah 1329.047346327755 250.56082369174592 0.07999845608672154 4
thetripod 1327.4066127539356 236.00821941770752 0.08000047200593542 4
"letsgofolie" 1326.1027297222863 257.9816455277204 0.07999964179298959 2
ashley 1319.0886712616348 203.97424319202688 0.07988802831752881 8
dishwash 1318.4685921763564 191.52789784135175 0.07996488947284215 5
fullmetalbiochemist 1313.4389861367783 173.19359786904698 0.07994579881110622 1
seen 1307.6045923127144 96.0549732194467 0.07989071540113582 2
mosizzle 1303.6458512845802 131.6302947184307 0.07995167238021011 1
tomato 1303.3511743572353 290.4854966428154 0.0800113306486599 8
twdock 1303.160522685709 232.36410981961546 0.08001115906079419 0
killiants 1302.8158863909578 124.40892157877511 0.07997462274712848 0
helvetios 1295.939240995548 250.43911752368874 0.08001640112320245 5
hairy_killa 1295.7182408403194 228.70777162195319 0.08001640067221806 0
rain 1293.301238108521 190.1560085889106 0.07994961992516528 8
arcanum 1289.878291764529 230.73949012594096 0.08002063070772257 2
arvin 1286.8620994075668 226.9972248661806 0.08002243212151144 0
hillbomber 1275.9836514963706 225.5814067935487 0.0800302288476696 0
quote 1272.3572559615159 209.44225647343129 0.08005184487729793 2
wpi|folie 1268.5404738126736 181.13433587521206 0.07996515685517741 6
ed 1267.4651503488935 188.61940342992722 0.08003570411061882 5
calcium 1265.3763612560929 234.7236587318473 0.08003605293254899 3
jams 1262.6590593234203 262.8516806729873 0.08006491462218025 8
jip 1258.038619328462 259.31416739069914 0.08008751381021012 9
yzus 1254.112684764468 412.0624532668756 0.0800234653817166 17
spicymeme 1252.0907519721843 370.1133773125799 0.08000627908556514 11
josh 1242.5167245804296 252.9243285901089 0.08004893703084758 5
me$|platplat 1236.290522063629 188.1884442045569 0.07994041369004806 6
tomthebomb 1234.8035116715137 178.57331396252604 0.07998643442331849 1
dokmomo 1233.253654318617 158.93279950063769 0.07981383082475124 5
unity 1231.7631752027442 112.40242678610888 0.080069280899273 0
me$|smflow 1230.7893891516105 200.27427102111437 0.0799039186962291 6
hiero 1227.380066959135 239.20864108154908 0.08005149008366724 0
whatgood 1220.0532317896061 230.91647261194717 0.08007501403864403 3
swell 1219.0025043226096 311.64566311900813 0.08007393684640707 11
tmah 1204.7622220940295 337.4437302090271 0.0800482907372163 11
moobesor 1204.2336345102879 280.4024939056842 0.08009352519395826 8
spice 1184.0319270244477 259.359152792131 0.08006785225595031 7
jam 1178.8756235820515 293.97991221267506 0.07997215896205111 7
slinky 1175.6915520095533 167.28794153907424 0.08002737683341718 0
tv 1172.9935958873853 257.0830190019126 0.08004942256821392 6
busso 1168.1332476194389 240.51820887594786 0.08041285067993123 9
daemomlock 1167.6815494218408 378.468864339317 0.08005533460265431 13
auntjemina 1165.9555624963305 252.8292663900189 0.07998493584024433 7
tubbs 1152.9304635024153 247.23402763427652 0.0801362665298749 5
boss 1150.438087872701 162.87839051516025 0.08001702345883825 2
edmonster 1138.924037025396 273.39859049856426 0.08011805811611149 6
aids 1135.209371477526 90.94525554913349 0.07979241879457938 0
jts 1132.921472681955 248.91009732554377 0.08010128004914724 9
spencomatic 1126.8514318422945 234.5867799725622 0.0801486469377001 2
skittles 1125.2290033445236 246.3530580099645 0.0804820888611083 9
xavier 1118.9535816874254 252.4999008671387 0.08042900537497745 9
nickzack 1113.0189272573205 106.51029277498039 0.08003399587116083 0
father3 1096.940870337663 230.73073290704272 0.08019351651745675 2
? 1087.5827561440208 192.77396221571686 0.08060940538672018 5
kalco 1087.4727277507118 374.71172458389987 0.08011461510372844 13
cal 1081.7734273998365 181.90106288454686 0.08052030704055106 5
infest 1045.615818740067 246.51853346830404 0.0800484812238894 7
derpinator 1018.2581494954864 163.44106660936527 0.07996104333438218 6
ozio 1006.5522443917566 297.4113489956174 0.0803009615262413 9
dante 999.677747642175 300.8119759148813 0.08117578999063538 14
rocky 948.5095673986826 167.22215722919665 0.08001767413448134 5
earl 945.0349327597347 218.2417511905081 0.08007675203025737 4
yale 836.5962841354225 121.51310670679696 0.07996771822109237 0
ratemyname 769.9747423403096 431.6601781696932 0.08014222501079703 11
