name, rating, rd, vol, inactivity
quaff 2303.39119972999 104.281350133721 0.08144528752987998 1
krizski 1992.5768729754368 70.32991860929758 0.08081869312039769 0
odds 1961.4144867159 104.78984506193349 0.08006226487292457 0
garbage 1892.102718241808 89.75546897222553 0.07971852271650642 2
mach5 1876.3832567783197 226.88291585857402 0.08190445831123783 11
riceboy 1867.911727254383 196.2105518004671 0.08028733289105264 1
mftea 1855.015843576333 152.5239637711475 0.0802745213750589 5
poppinfresh 1846.0179690119908 67.26951984260023 0.07983328267304733 0
swan 1832.997110844587 56.77225573432138 0.07997573023419145 0
leaf 1792.560271121461 139.63754003985798 0.08003338975812786 9
dimentio 1756.30058563606 97.9813653601635 0.07974450461201318 4
minijoel 1734.699615858393 60.62306890362844 0.07975697494327925 0
qwuv 1731.7912145994298 55.46986876016926 0.07955899695480373 0
falco 1669.1253856949172 302.46495520796844 0.08002555312917731 14
zipper 1639.3238154025935 211.3623166737732 0.07991238481900091 10
wamsa 1634.4091392798957 65.37113986184424 0.07917024681786777 0
milesss 1631.8676981008646 108.88608072315851 0.07982796226163298 4
brunch 1629.5361061146377 85.9373832612896 0.08007260174627542 1
isis 1626.5799329926203 82.43743994601488 0.07942472287499773 0
nitro 1616.9489250343047 179.46998891778537 0.07995420354386831 4
birmi 1608.8043806877124 55.700035030511614 0.07909342932269885 0
princessknight 1604.9133236543073 244.8206647954699 0.08005298998201524 13
aozorax 1591.7952049507828 156.32433136299102 0.08006364568426153 3
rash 1575.5984845546748 189.52441637125932 0.0798017572796421 11
vision 1570.210980392897 70.97542630736403 0.07927885729593322 0
rat! 1565.4384843159437 70.72522550289825 0.0793498000244655 0
tino 1557.7051573597491 213.9768711395356 0.07992851754031959 1
liban$ 1557.6202480831084 82.16554221484776 0.07951960102907697 1
t-steak 1550.5775831248745 80.86170477645234 0.07973372791999608 1
magpie 1536.6268015522003 140.97411159395205 0.07981614405759505 0
gocutiego 1514.870075119944 235.246799684893 0.0798496745152066 10
dunk 1512.7993489579549 187.33458654519615 0.07992182539625185 1
chewwie 1508.177129320051 338.81614548501466 0.07992293430294733 15
stewie2k 1497.10566619941 192.0136386943933 0.07989190219884208 4
superanimevapegod 1496.5336615938822 319.3967704506426 0.07989774135745445 15
kia 1496.0097368545366 397.3087342749854 0.07990919531408795 21
emgat 1492.3914033250312 341.51923114525755 0.07992579246705668 15
rtsvicta 1486.1696725818313 240.83510159420553 0.0798840022950184 9
seemorebutts 1484.0557907386255 170.17292230877473 0.07989355202666006 2
thunderbob 1482.0825169069954 180.66635456508487 0.07987607428220993 4
blackgun 1474.8150707781838 296.1955863914538 0.07996565638163673 13
thegroose 1472.1546837871945 119.12155780719716 0.07979689592602437 0
venison 1471.944660252102 139.30192639226556 0.07976582782360331 2
linda 1464.9364431997237 217.93616250681876 0.07983743125475752 9
bigbird 1444.6273716985575 121.84470258012311 0.07991212640001032 0
babe 1436.8655301765905 324.3609426690706 0.07994616493418365 12
mosizzle 1428.8831116802612 182.9556207749618 0.07993386125318706 0
kova 1428.3921604775735 146.79166672496683 0.07981648595328007 0
meleekunis 1410.6679853281703 304.3212582428058 0.07994197329812161 12
finsnreads 1408.1955398443633 166.88262469174262 0.07990047117244754 5
nate 1405.2665183812321 151.68070159153817 0.07994974110351423 0
sykke 1388.362976692788 252.70303545036694 0.07991287383919121 10
tomthebomb 1386.4034768571669 205.1204039995105 0.07996531718146956 3
j0ey 1384.474533894289 154.11966155872062 0.07999417871614269 0
duckrobin 1343.3575862679338 64.92415182579161 0.0794496690103164 1
runawayfire 1338.7611791135012 276.65346457757926 0.07997945648452567 4
bapple 1338.6058414150666 80.9086520226352 0.08004905460533553 0
dokmomo 1326.5920401835613 148.8934086746625 0.07978350477894688 5
ashley 1319.0886712616348 151.11535451390824 0.07988802831752881 3
dishwash 1318.4685921763564 168.76161674804098 0.07996488947284215 0
soupostrich 1311.0762361878883 221.256167578247 0.07989253855154628 10
tomato 1303.3511743572353 238.59742678870094 0.0800113306486599 3
helvetios 1295.939240995548 228.3721416490347 0.08001640112320245 0
rain 1293.301238108521 137.0319854139335 0.07994961992516528 3
slinky 1293.1400429055873 156.86412074055312 0.08002617914387998 4
dkang 1290.51285954632 417.2741789236341 0.08000781912256869 16
seen 1271.5952776410015 107.69040177624429 0.07997151115202365 0
wpi|folie 1268.5404738126736 146.03426567773255 0.07996515685517741 1
ed 1267.4651503488935 165.8007416288841 0.08003570411061882 0
jams 1262.6590593234203 210.73017753459555 0.08006491462218025 3
jip 1258.038619328462 202.13539860660066 0.08008751381021012 4
yzus 1254.112684764468 350.77284596256396 0.0800234653817166 12
spicymeme 1252.0907519721843 308.6609842815508 0.08000627908556514 6
greenapple 1246.6986399627394 183.42431265928965 0.0799305519403124 9
moesizzle 1246.6862135534438 234.3377524200147 0.0800463774833606 2
josh 1242.5167245804296 230.87753708732342 0.08004893703084758 0
jlips 1237.2934637370474 388.1816012191928 0.08003694214002487 15
me$|platplat 1236.290522063629 153.2262116218956 0.07994041369004806 1
me$|smflow 1230.7893891516105 165.5213759191055 0.0799039186962291 1
swell 1219.0025043226096 249.87812744325825 0.08007393684640707 6
unity 1215.168176461444 102.13953206879978 0.08008753406979613 0
tmah 1204.7622220940295 275.83042357922824 0.0800482907372163 6
moobesor 1204.2336345102879 228.43233167675118 0.08009352519395826 3
roen 1200.4376309792247 318.4499553274028 0.07997646599438567 16
spice 1184.0319270244477 216.24349058351225 0.08006785225595031 2
divus 1180.1705340262693 275.26453874782004 0.08006410443229069 11
jam 1178.8756235820515 251.14834456229408 0.07997215896205111 2
mr.satan 1175.860501126294 244.92565408671254 0.08034753252367254 9
tv 1172.9935958873853 223.001034555378 0.08004942256821392 1
twdock 1172.413512312346 208.74230614512632 0.08009249661799361 9
busso 1168.1332476194389 183.11603092807988 0.08041285067993123 4
daemomlock 1167.6815494218408 317.0504997038512 0.08005533460265431 8
auntjemina 1165.9555624963305 209.6554757496571 0.07998493584024433 2
bighp 1157.366321528541 346.10395631007964 0.08012271135878922 13
tubbs 1152.9304635024153 225.13184992426628 0.0801362665298749 0
darkmatter 1151.9036126169785 259.67532826198 0.0800002584690532 11
nickzack 1145.4935616935234 139.04400230088947 0.08009049642503417 0
edmonster 1138.924037025396 239.45060914892943 0.08011805811611149 1
jts 1132.921472681955 191.62225634941913 0.08010128004914724 4
boss 1128.9382382374786 186.00702823416276 0.0800356116431996 1
skittles 1125.2290033445236 189.01470224594823 0.0804820888611083 4
xavier 1118.9535816874254 195.23209837981082 0.08042900537497745 4
aids 1115.4529203283305 100.30815448904032 0.07981398436584354 0
midnighthillbomber 1111.3982164272502 230.55437300263057 0.08081794557737167 9
? 1087.5827561440208 169.98266674926637 0.08060940538672018 0
kalco 1087.4727277507118 313.27534798751077 0.08011461510372844 8
cal 1081.7734273998365 158.9303143594047 0.08052030704055106 0
infest 1045.615818740067 203.2770848020912 0.0800484812238894 2
derpinator 1018.2581494954864 127.93721893186441 0.07996104333438218 1
earl 1008.0283881355706 235.2394646410879 0.08008880683356155 0
ozio 1006.5522443917566 240.54399214286914 0.0803009615262413 4
dante 999.677747642175 238.91980181825056 0.08117578999063538 9
deisman 967.3988280144149 224.53685856807928 0.08002634347905023 10
rocky 948.5095673986826 143.99813773062522 0.08001767413448134 0
yale 880.0005484697272 125.76362844188237 0.07998564043961456 1
ratemyname 769.9747423403096 370.4312575983551 0.08014222501079703 6
